$ANSIBLE_VAULT;1.1;AES256
66333733663238663334653331353333623230623861383566333266383963383635623766666564
3534613533313139363830666133656238613938316334370a636634326263616138306465633533
36613637656436383830346237663338333936653233363635343565643730306232313632643731
3431393935353966300a376535356230323336363966333463633537663563323964396331303632
63666231616438616536356335363964373866393131373763663637326432373532393239346664
37393432623930396336393239396366393366343239616462343837633662373432366466656534
63656164333632613734616432643735306335396634363261323266663534613263313361306262
61323436396538353837636439663964613336383534613030303138313332346561373565313132
35373230313134336637323366303039396536656136376536336234306430353966626664626435
65663238313861643237626362396235656433626131393663303461306339653537353564623738
39343039613366393133393937616565643362326137633338313533363530323434626530386434
64656638653561313636646461336435306636373539393738613063656565643937353565636639
36393864353062393762303533346431613934653436313734656366373735313938336137636136
63653632376334636465653737313937663330343832623336633434623931356435303565303866
65633265356330353832356332303534346637633331613633326261353135346665373565346263
36626133353436323332663862343065623239383738653431363134666661383834353631366265
64653038396164613134613462663261333063313630616133396166323765663539623066366364
62663336306464623536653666356163373332346637613066313364373366313334666432353230
64353634626237356630636238343564643764373130343264616264343763336535363162353665
61323361633066333932326163613434373366623163396563373763623137366330626439383632
66373534653761363435356262623066383139613930616136393062633236653566343330373034
38396531373062326236633837326364663833303133633833616465346261353465633732303436
34343035313139363033643430326264626266613734333833373837393135376561323430643466
61333036316334363631343961613466303161613539306534303466313035666138393131326461
66393931393336343336623137306430306630333736323931353331386163343938663765363935
31396363376239653536353937363963316231663536663837343164343137346239626432646162
65323833373039643435306565636437316138316464613561316164386439386532316230666562
66663535313831303333
